0.5 0 -0.01225
0.999828662 0.0130884742 -0.049
1.49914343 0.0392564523 -0.11025
1.9976021 0.0784860001 -0.196
2.49486304 0.130750232 -0.30625
2.99058548 0.196013328 -0.441
3.48442965 0.27423056 -0.60025
3.9760571 0.365348323 -0.784
4.4651309 0.469304169 -0.99225
4.95131586 0.58602685 -1.225
5.43427877 0.715436373 -1.48225
5.91368864 0.857444045 -1.764
6.3892169 1.01195254 -2.07025
6.86053764 1.17885597 -2.401
7.32732786 1.35803995 -2.75625
7.78926762 1.54938166 -3.136
8.24604035 1.75274998 -3.54025
8.69733299 1.96800553 -3.969
9.14283626 2.19500078 -4.42225
9.58224481 2.43358016 -4.9
10.0152575 2.68358016 -5.40225
10.4415776 2.94482945 -5.929
10.8609129 3.21714896 -6.48025
11.272976 3.50035208 -7.056
11.6774845 3.79424471 -7.65625
12.0741611 4.09862542 -8.281
12.4627341 4.41328562 -8.93025
12.8429371 4.73800964 -9.604
13.2145095 5.07257494 -10.30225
13.5771967 5.41675223 -11.025
13.9307501 5.77030562 -11.77225
14.2749274 6.13299281 -12.544
14.6094927 6.50456522 -13.34025
14.9342167 6.8847682 -14.161
15.2488769 7.27334119 -15.00625
15.5532576 7.67001786 -15.876
15.8471502 8.07452635 -16.77025
16.1303534 8.48658945 -17.689
16.4026729 8.90592473 -18.63225
16.6639222 9.33224481 -19.6
16.9139222 9.76525751 -20.59225
17.1525015 10.2046661 -21.609
17.3794968 10.6501693 -22.65025
17.5947523 11.101462 -23.716
17.7981207 11.5582347 -24.80625
17.9894624 12.0201745 -25.921
18.1686464 12.4869647 -27.06025
18.3355498 12.9582854 -28.224
18.4900583 13.4338137 -29.41225
18.632066 13.9132236 -30.625
18.7614755 14.3961865 -31.86225
18.8781982 14.8823714 -33.124
18.982154 15.3714452 -34.41025
19.0732718 15.8630727 -35.721
19.151489 16.3569169 -37.05625
19.2167521 16.8526393 -38.416
19.2690163 17.3499002 -39.80025
19.3082459 17.8483589 -41.209
19.3344139 18.3476737 -42.64225
19.3475023 18.8475023 -44.1
19.3475023 19.3475023 -45.58225
19.3344139 19.847331 -47.089
19.3082459 20.3466458 -48.62025
19.2690163 20.8451044 -50.176
19.2167521 21.3423654 -51.75625
19.151489 21.8380878 -53.361
19.0732718 22.331932 -54.99025
18.982154 22.8235594 -56.644
18.8781982 23.3126332 -58.32225
18.7614755 23.7988182 -60.025
18.632066 24.2817811 -61.75225
18.4900583 24.761191 -63.504
18.3355498 25.2367192 -65.28025
18.1686464 25.70804 -67.081
17.9894624 26.1748302 -68.90625
17.7981207 26.63677 -70.756
17.5947523 27.0935427 -72.63025
17.3794968 27.5448353 -74.529
17.1525015 27.9903386 -76.45225
16.9139222 28.4297471 -78.4
16.6639222 28.8627598 -80.37225
16.4026729 29.2890799 -82.369
16.1303534 29.7084152 -84.39025
15.8471502 30.1204783 -86.436
15.5532576 30.5249868 -88.50625
15.2488769 30.9216635 -90.601
14.9342167 31.3102365 -92.72025
14.6094927 31.6904394 -94.864
14.2749274 32.0620118 -97.03225
13.9307501 32.424699 -99.225
13.5771967 32.7782524 -101.44225
13.2145095 33.1224297 -103.684
12.8429371 33.456995 -105.95025
12.4627341 33.781719 -108.241
12.0741611 34.0963792 -110.55625
11.6774845 34.4007599 -112.896
11.272976 34.6946526 -115.26025
10.8609129 34.9778557 -117.649
10.4415776 35.2501752 -120.06225
10.0152575 35.5114245 -122.5
9.58224481 35.7614245 -124.96225
9.14283626 36.0000039 -127.449
8.69733299 36.2269991 -129.96025
8.24604035 36.4422547 -132.496
7.78926762 36.645623 -135.05625
7.32732786 36.8369647 -137.641
6.86053764 37.0161487 -140.25025
6.3892169 37.1830521 -142.884
5.91368864 37.3375606 -145.54225
5.43427877 37.4795683 -148.225
4.95131586 37.6089778 -150.93225
4.4651309 37.7257005 -153.664
3.9760571 37.8296563 -156.42025
3.48442965 37.9207741 -159.201
2.99058548 37.9989913 -162.00625
2.49486304 38.0642544 -164.836
1.9976021 38.1165187 -167.69025
1.49914343 38.1557482 -170.569
0.999828662 38.1819162 -173.47225
0.5 38.1950047 -176.4
8.65973959e-15 38.1950047 -179.35225
-0.499828662 38.1819162 -182.329
-0.99914343 38.1557482 -185.33025
-1.4976021 38.1165187 -188.356
-1.99486304 38.0642544 -191.40625
-2.49058548 37.9989913 -194.481
-2.98442965 37.9207741 -197.58025
-3.4760571 37.8296563 -200.704
-3.9651309 37.7257005 -203.85225
-4.45131586 37.6089778 -207.025
-4.93427877 37.4795683 -210.22225
-5.41368864 37.3375606 -213.444
-5.8892169 37.1830521 -216.69025
-6.36053764 37.0161487 -219.961
-6.82732786 36.8369647 -223.25625
-7.28926762 36.645623 -226.576
-7.74604035 36.4422547 -229.92025
-8.19733299 36.2269991 -233.289
-8.64283626 36.0000039 -236.68225
-9.08224481 35.7614245 -240.1
-9.51525751 35.5114245 -243.54225
-9.9415776 35.2501752 -247.009
-10.3609129 34.9778557 -250.50025
-10.772976 34.6946526 -254.016
-11.1774845 34.4007599 -257.55625
-11.5741611 34.0963792 -261.121
-11.9627341 33.781719 -264.71025
-12.3429371 33.456995 -268.324
-12.7145095 33.1224297 -271.96225
-13.0771967 32.7782524 -275.625
-13.4307501 32.424699 -279.31225
-13.7749274 32.0620118 -283.024
-14.1094927 31.6904394 -286.76025
-14.4342167 31.3102365 -290.521
-14.7488769 30.9216635 -294.30625
-15.0532576 30.5249868 -298.116
-15.3471502 30.1204783 -301.95025
-15.6303534 29.7084152 -305.809
-15.9026729 29.2890799 -309.69225
-16.1639222 28.8627598 -313.6
-16.4139222 28.4297471 -317.53225
-16.6525015 27.9903386 -321.489
-16.8794968 27.5448353 -325.47025
-17.0947523 27.0935427 -329.476
-17.2981207 26.63677 -333.50625
-17.4894624 26.1748302 -337.561
-17.6686464 25.70804 -341.64025
-17.8355498 25.2367192 -345.744
-17.9900583 24.761191 -349.87225
-18.132066 24.2817811 -354.025
-18.2614755 23.7988182 -358.20225
-18.3781982 23.3126332 -362.404
-18.482154 22.8235594 -366.63025
-18.5732718 22.331932 -370.881
-18.651489 21.8380878 -375.15625
-18.7167521 21.3423654 -379.456
-18.7690163 20.8451044 -383.78025
-18.8082459 20.3466458 -388.129
-18.8344139 19.847331 -392.50225
-18.8475023 19.3475023 -396.9
-18.8475023 18.8475023 -401.32225
-18.8344139 18.3476737 -405.769
-18.8082459 17.8483589 -410.24025
-18.7690163 17.3499002 -414.736
-18.7167521 16.8526393 -419.25625
-18.651489 16.3569169 -423.801
-18.5732718 15.8630727 -428.37025
-18.482154 15.3714452 -432.964
-18.3781982 14.8823714 -437.58225
-18.2614755 14.3961865 -442.225
-18.132066 13.9132236 -446.89225
-17.9900583 13.4338137 -451.584
-17.8355498 12.9582854 -456.30025
-17.6686464 12.4869647 -461.041
-17.4894624 12.0201745 -465.80625
-17.2981207 11.5582347 -470.596
-17.0947523 11.101462 -475.41025
-16.8794968 10.6501693 -480.249
-16.6525015 10.2046661 -485.11225
-16.4139222 9.76525751 -490
-16.1639222 9.33224481 -494.91225
-15.9026729 8.90592473 -499.849
-15.6303534 8.48658945 -504.81025
-15.3471502 8.07452635 -509.796
-15.0532576 7.67001786 -514.80625
-14.7488769 7.27334119 -519.841
-14.4342167 6.8847682 -524.90025
-14.1094927 6.50456522 -529.984
-13.7749274 6.13299281 -535.09225
-13.4307501 5.77030562 -540.225
-13.0771967 5.41675223 -545.38225
-12.7145095 5.07257494 -550.564
-12.3429371 4.73800964 -555.77025
-11.9627341 4.41328562 -561.001
-11.5741611 4.09862542 -566.25625
-11.1774845 3.79424471 -571.536
-10.772976 3.50035208 -576.84025
-10.3609129 3.21714896 -582.169
-9.9415776 2.94482945 -587.52225
-9.51525751 2.68358016 -592.9
-9.08224481 2.43358016 -598.30225
-8.64283626 2.19500078 -603.729
-8.19733299 1.96800553 -609.18025
-7.74604035 1.75274998 -614.656
-7.28926762 1.54938166 -620.15625
-6.82732786 1.35803995 -625.681
-6.36053764 1.17885597 -631.23025
-5.8892169 1.01195254 -636.804
-5.41368864 0.857444045 -642.40225
-4.93427877 0.715436373 -648.025
-4.45131586 0.58602685 -653.67225
-3.9651309 0.469304169 -659.344
-3.4760571 0.365348323 -665.04025
-2.98442965 0.27423056 -670.761
-2.49058548 0.196013328 -676.50625
-1.99486304 0.130750232 -682.276
-1.4976021 0.0784860001 -688.07025
-0.99914343 0.0392564523 -693.889
-0.499828662 0.0130884742 -699.73225
-6.51700915e-14 -3.43128304e-15 -705.6
0.5 -4.83467433e-15 -711.49225
0.999828662 0.0130884742 -717.409
1.49914343 0.0392564523 -723.35025
1.9976021 0.0784860001 -729.316
2.49486304 0.130750232 -735.30625
2.99058548 0.196013328 -741.321
3.48442965 0.27423056 -747.36025
3.9760571 0.365348323 -753.424
4.4651309 0.469304169 -759.51225
4.95131586 0.58602685 -765.625
5.43427877 0.715436373 -771.76225
5.91368864 0.857444045 -777.924
6.3892169 1.01195254 -784.11025
6.86053764 1.17885597 -790.321
7.32732786 1.35803995 -796.55625
7.78926762 1.54938166 -802.816
8.24604035 1.75274998 -809.10025
8.69733299 1.96800553 -815.409
9.14283626 2.19500078 -821.74225
9.58224481 2.43358016 -828.1
10.0152575 2.68358016 -834.48225
10.4415776 2.94482945 -840.889
10.8609129 3.21714896 -847.32025
11.272976 3.50035208 -853.776
11.6774845 3.79424471 -860.25625
12.0741611 4.09862542 -866.761
12.4627341 4.41328562 -873.29025
12.8429371 4.73800964 -879.844
13.2145095 5.07257494 -886.42225
13.5771967 5.41675223 -893.025
13.9307501 5.77030562 -899.65225
14.2749274 6.13299281 -906.304
14.6094927 6.50456522 -912.98025
14.9342167 6.8847682 -919.681
15.2488769 7.27334119 -926.40625
15.5532576 7.67001786 -933.156
15.8471502 8.07452635 -939.93025
16.1303534 8.48658945 -946.729
16.4026729 8.90592473 -953.55225
16.6639222 9.33224481 -960.4
16.9139222 9.76525751 -967.27225
17.1525015 10.2046661 -974.169
17.3794968 10.6501693 -981.09025
17.5947523 11.101462 -988.036
17.7981207 11.5582347 -995.00625
17.9894624 12.0201745 -1002.001
18.1686464 12.4869647 -1009.02025
18.3355498 12.9582854 -1016.064
18.4900583 13.4338137 -1023.13225
18.632066 13.9132236 -1030.225
18.7614755 14.3961865 -1037.34225
18.8781982 14.8823714 -1044.484
18.982154 15.3714452 -1051.65025
19.0732718 15.8630727 -1058.841
19.151489 16.3569169 -1066.05625
19.2167521 16.8526393 -1073.296
19.2690163 17.3499002 -1080.56025
19.3082459 17.8483589 -1087.849
19.3344139 18.3476737 -1095.16225
19.3475023 18.8475023 -1102.5
19.3475023 19.3475023 -1109.86225
19.3344139 19.847331 -1117.249
19.3082459 20.3466458 -1124.66025
19.2690163 20.8451044 -1132.096
19.2167521 21.3423654 -1139.55625
19.151489 21.8380878 -1147.041
19.0732718 22.331932 -1154.55025
18.982154 22.8235594 -1162.084
18.8781982 23.3126332 -1169.64225
18.7614755 23.7988182 -1177.225
18.632066 24.2817811 -1184.83225
18.4900583 24.761191 -1192.464
18.3355498 25.2367192 -1200.12025
18.1686464 25.70804 -1207.801
17.9894624 26.1748302 -1215.50625
17.7981207 26.63677 -1223.236
17.5947523 27.0935427 -1230.99025
17.3794968 27.5448353 -1238.769
17.1525015 27.9903386 -1246.57225
16.9139222 28.4297471 -1254.4
16.6639222 28.8627598 -1262.25225
16.4026729 29.2890799 -1270.129
16.1303534 29.7084152 -1278.03025
15.8471502 30.1204783 -1285.956
15.5532576 30.5249868 -1293.90625
15.2488769 30.9216635 -1301.881
14.9342167 31.3102365 -1309.88025
14.6094927 31.6904394 -1317.904
14.2749274 32.0620118 -1325.95225
13.9307501 32.424699 -1334.025
13.5771967 32.7782524 -1342.12225
13.2145095 33.1224297 -1350.244
12.8429371 33.456995 -1358.39025
12.4627341 33.781719 -1366.561
12.0741611 34.0963792 -1374.75625
11.6774845 34.4007599 -1382.976
11.272976 34.6946526 -1391.22025
10.8609129 34.9778557 -1399.489
10.4415776 35.2501752 -1407.78225
10.0152575 35.5114245 -1416.1
9.58224481 35.7614245 -1424.44225
9.14283626 36.0000039 -1432.809
8.69733299 36.2269991 -1441.20025
8.24604035 36.4422547 -1449.616
7.78926762 36.645623 -1458.05625
7.32732786 36.8369647 -1466.521
6.86053764 37.0161487 -1475.01025
6.3892169 37.1830521 -1483.524
5.91368864 37.3375606 -1492.06225
5.43427877 37.4795683 -1500.625
4.95131586 37.6089778 -1509.21225
4.4651309 37.7257005 -1517.824
3.9760571 37.8296563 -1526.46025
3.48442965 37.9207741 -1535.121
2.99058548 37.9989913 -1543.80625
2.49486304 38.0642544 -1552.516
1.9976021 38.1165187 -1561.25025
1.49914343 38.1557482 -1570.009
0.999828662 38.1819162 -1578.79225
0.5 38.1950047 -1587.6
4.3298698e-14 38.1950047 -1596.43225
-0.499828662 38.1819162 -1605.289
-0.99914343 38.1557482 -1614.17025
-1.4976021 38.1165187 -1623.076
-1.99486304 38.0642544 -1632.00625
-2.49058548 37.9989913 -1640.961
-2.98442965 37.9207741 -1649.94025
-3.4760571 37.8296563 -1658.944
-3.9651309 37.7257005 -1667.97225
-4.45131586 37.6089778 -1677.025
-4.93427877 37.4795683 -1686.10225
-5.41368864 37.3375606 -1695.204
-5.8892169 37.1830521 -1704.33025
-6.36053764 37.0161487 -1713.481
-6.82732786 36.8369647 -1722.65625
-7.28926762 36.645623 -1731.856
-7.74604035 36.4422547 -1741.08025
-8.19733299 36.2269991 -1750.329
-8.64283626 36.0000039 -1759.60225
-9.08224481 35.7614245 -1768.9
-9.51525751 35.5114245 -1778.22225
-9.9415776 35.2501752 -1787.569
-10.3609129 34.9778557 -1796.94025
-10.772976 34.6946526 -1806.336
-11.1774845 34.4007599 -1815.75625
-11.5741611 34.0963792 -1825.201
-11.9627341 33.781719 -1834.67025
-12.3429371 33.456995 -1844.164
-12.7145095 33.1224297 -1853.68225
-13.0771967 32.7782524 -1863.225
-13.4307501 32.424699 -1872.79225
-13.7749274 32.0620118 -1882.384
-14.1094927 31.6904394 -1892.00025
-14.4342167 31.3102365 -1901.641
-14.7488769 30.9216635 -1911.30625
-15.0532576 30.5249868 -1920.996
-15.3471502 30.1204783 -1930.71025
-15.6303534 29.7084152 -1940.449
-15.9026729 29.2890799 -1950.21225
-16.1639222 28.8627598 -1960
-16.4139222 28.4297471 -1969.81225
-16.6525015 27.9903386 -1979.649
-16.8794968 27.5448353 -1989.51025
-17.0947523 27.0935427 -1999.396
-17.2981207 26.63677 -2009.30625
-17.4894624 26.1748302 -2019.241
-17.6686464 25.70804 -2029.20025
-17.8355498 25.2367192 -2039.184
-17.9900583 24.761191 -2049.19225
-18.132066 24.2817811 -2059.225
-18.2614755 23.7988182 -2069.28225
-18.3781982 23.3126332 -2079.364
-18.482154 22.8235594 -2089.47025
-18.5732718 22.331932 -2099.601
-18.651489 21.8380878 -2109.75625
-18.7167521 21.3423654 -2119.936
-18.7690163 20.8451044 -2130.14025
-18.8082459 20.3466458 -2140.369
-18.8344139 19.847331 -2150.62225
-18.8475023 19.3475023 -2160.9
-18.8475023 18.8475023 -2171.20225
-18.8344139 18.3476737 -2181.529
-18.8082459 17.8483589 -2191.88025
-18.7690163 17.3499002 -2202.256
-18.7167521 16.8526393 -2212.65625
-18.651489 16.3569169 -2223.081
-18.5732718 15.8630727 -2233.53025
-18.482154 15.3714452 -2244.004
-18.3781982 14.8823714 -2254.50225
-18.2614755 14.3961865 -2265.025
-18.132066 13.9132236 -2275.57225
-17.9900583 13.4338137 -2286.144
-17.8355498 12.9582854 -2296.74025
-17.6686464 12.4869647 -2307.361
-17.4894624 12.0201745 -2318.00625
-17.2981207 11.5582347 -2328.676
-17.0947523 11.101462 -2339.37025
-16.8794968 10.6501693 -2350.089
-16.6525015 10.2046661 -2360.83225
-16.4139222 9.76525751 -2371.6
-16.1639222 9.33224481 -2382.39225
-15.9026729 8.90592473 -2393.209
-15.6303534 8.48658945 -2404.05025
-15.3471502 8.07452635 -2414.916
-15.0532576 7.67001786 -2425.80625
-14.7488769 7.27334119 -2436.721
-14.4342167 6.8847682 -2447.66025
-14.1094927 6.50456522 -2458.624
-13.7749274 6.13299281 -2469.61225
-13.4307501 5.77030562 -2480.625
-13.0771967 5.41675223 -2491.66225
-12.7145095 5.07257494 -2502.724
-12.3429371 4.73800964 -2513.81025
-11.9627341 4.41328562 -2524.921
-11.5741611 4.09862542 -2536.05625
-11.1774845 3.79424471 -2547.216
-10.772976 3.50035208 -2558.40025
-10.3609129 3.21714896 -2569.609
-9.9415776 2.94482945 -2580.84225
-9.51525751 2.68358016 -2592.1
-9.08224481 2.43358016 -2603.38225
-8.64283626 2.19500078 -2614.689
-8.19733299 1.96800553 -2626.02025
-7.74604035 1.75274998 -2637.376
-7.28926762 1.54938166 -2648.75625
-6.82732786 1.35803995 -2660.161
-6.36053764 1.17885597 -2671.59025
-5.8892169 1.01195254 -2683.044
-5.41368864 0.857444045 -2694.52225
-4.93427877 0.715436373 -2706.025
-4.45131586 0.58602685 -2717.55225
-3.9651309 0.469304169 -2729.104
-3.4760571 0.365348323 -2740.68025
-2.98442965 0.27423056 -2752.281
-2.49058548 0.196013328 -2763.90625
-1.99486304 0.130750232 -2775.556
-1.4976021 0.0784860001 -2787.23025
-0.99914343 0.0392564523 -2798.929
-0.499828662 0.0130884742 -2810.65225
-1.03861364e-13 2.64840233e-14 -2822.4
0.5 2.43936815e-14 -2834.17225
0.999828662 0.0130884742 -2845.969
1.49914343 0.0392564523 -2857.79025
1.9976021 0.0784860001 -2869.636
2.49486304 0.130750232 -2881.50625
2.99058548 0.196013328 -2893.401
3.48442965 0.27423056 -2905.32025
3.9760571 0.365348323 -2917.264
4.4651309 0.469304169 -2929.23225
4.95131586 0.58602685 -2941.225
5.43427877 0.715436373 -2953.24225
5.91368864 0.857444045 -2965.284
6.3892169 1.01195254 -2977.35025
6.86053764 1.17885597 -2989.441
7.32732786 1.35803995 -3001.55625
7.78926762 1.54938166 -3013.696
8.24604035 1.75274998 -3025.86025
8.69733299 1.96800553 -3038.049
9.14283626 2.19500078 -3050.26225
9.58224481 2.43358016 -3062.5
10.0152575 2.68358016 -3074.76225
10.4415776 2.94482945 -3087.049
10.8609129 3.21714896 -3099.36025
11.272976 3.50035208 -3111.696
11.6774845 3.79424471 -3124.05625
12.0741611 4.09862542 -3136.441
12.4627341 4.41328562 -3148.85025
12.8429371 4.73800964 -3161.284
13.2145095 5.07257494 -3173.74225
13.5771967 5.41675223 -3186.225
13.9307501 5.77030562 -3198.73225
14.2749274 6.13299281 -3211.264
14.6094927 6.50456522 -3223.82025
14.9342167 6.8847682 -3236.401
15.2488769 7.27334119 -3249.00625
15.5532576 7.67001786 -3261.636
15.8471502 8.07452635 -3274.29025
16.1303534 8.48658945 -3286.969
16.4026729 8.90592473 -3299.67225
16.6639222 9.33224481 -3312.4
16.9139222 9.76525751 -3325.15225
17.1525015 10.2046661 -3337.929
17.3794968 10.6501693 -3350.73025
17.5947523 11.101462 -3363.556
17.7981207 11.5582347 -3376.40625
17.9894624 12.0201745 -3389.281
18.1686464 12.4869647 -3402.18025
18.3355498 12.9582854 -3415.104
18.4900583 13.4338137 -3428.05225
18.632066 13.9132236 -3441.025
18.7614755 14.3961865 -3454.02225
18.8781982 14.8823714 -3467.044
18.982154 15.3714452 -3480.09025
19.0732718 15.8630727 -3493.161
19.151489 16.3569169 -3506.25625
19.2167521 16.8526393 -3519.376
19.2690163 17.3499002 -3532.52025
19.3082459 17.8483589 -3545.689
19.3344139 18.3476737 -3558.88225
19.3475023 18.8475023 -3572.1
19.3475023 19.3475023 -3585.34225
19.3344139 19.847331 -3598.609
19.3082459 20.3466458 -3611.90025
19.2690163 20.8451044 -3625.216
19.2167521 21.3423654 -3638.55625
19.151489 21.8380878 -3651.921
19.0732718 22.331932 -3665.31025
18.982154 22.8235594 -3678.724
18.8781982 23.3126332 -3692.16225
18.7614755 23.7988182 -3705.625
18.632066 24.2817811 -3719.11225
18.4900583 24.761191 -3732.624
18.3355498 25.2367192 -3746.16025
18.1686464 25.70804 -3759.721
17.9894624 26.1748302 -3773.30625
17.7981207 26.63677 -3786.916
17.5947523 27.0935427 -3800.55025
17.3794968 27.5448353 -3814.209
17.1525015 27.9903386 -3827.89225
16.9139222 28.4297471 -3841.6
16.6639222 28.8627598 -3855.33225
16.4026729 29.2890799 -3869.089
16.1303534 29.7084152 -3882.87025
15.8471502 30.1204783 -3896.676
15.5532576 30.5249868 -3910.50625
15.2488769 30.9216635 -3924.361
14.9342167 31.3102365 -3938.24025
14.6094927 31.6904394 -3952.144
14.2749274 32.0620118 -3966.07225
13.9307501 32.424699 -3980.025
13.5771967 32.7782524 -3994.00225
13.2145095 33.1224297 -4008.004
12.8429371 33.456995 -4022.03025
12.4627341 33.781719 -4036.081
12.0741611 34.0963792 -4050.15625
11.6774845 34.4007599 -4064.256
11.272976 34.6946526 -4078.38025
10.8609129 34.9778557 -4092.529
10.4415776 35.2501752 -4106.70225
10.0152575 35.5114245 -4120.9
9.58224481 35.7614245 -4135.12225
9.14283626 36.0000039 -4149.369
8.69733299 36.2269991 -4163.64025
8.24604035 36.4422547 -4177.936
7.78926762 36.645623 -4192.25625
7.32732786 36.8369647 -4206.601
6.86053764 37.0161487 -4220.97025
6.3892169 37.1830521 -4235.364
5.91368864 37.3375606 -4249.78225
5.43427877 37.4795683 -4264.225
4.95131586 37.6089778 -4278.69225
4.4651309 37.7257005 -4293.184
3.9760571 37.8296563 -4307.70025
3.48442965 37.9207741 -4322.241
2.99058548 37.9989913 -4336.80625
2.49486304 38.0642544 -4351.396
1.9976021 38.1165187 -4366.01025
1.49914343 38.1557482 -4380.649
0.999828662 38.1819162 -4395.31225
0.5 38.1950047 -4410
5.04041253e-14 38.1950047 -4424.71225
-0.499828662 38.1819162 -4439.449
-0.99914343 38.1557482 -4454.21025
-1.4976021 38.1165187 -4468.996
-1.99486304 38.0642544 -4483.80625
-2.49058548 37.9989913 -4498.641
-2.98442965 37.9207741 -4513.50025
-3.4760571 37.8296563 -4528.384
-3.9651309 37.7257005 -4543.29225
-4.45131586 37.6089778 -4558.225
-4.93427877 37.4795683 -4573.18225
-5.41368864 37.3375606 -4588.164
-5.8892169 37.1830521 -4603.17025
-6.36053764 37.0161487 -4618.201
-6.82732786 36.8369647 -4633.25625
-7.28926762 36.645623 -4648.336
-7.74604035 36.4422547 -4663.44025
-8.19733299 36.2269991 -4678.569
-8.64283626 36.0000039 -4693.72225
-9.08224481 35.7614245 -4708.9
-9.51525751 35.5114245 -4724.10225
-9.9415776 35.2501752 -4739.329
-10.3609129 34.9778557 -4754.58025
-10.772976 34.6946526 -4769.856
-11.1774845 34.4007599 -4785.15625
-11.5741611 34.0963792 -4800.481
-11.9627341 33.781719 -4815.83025
-12.3429371 33.456995 -4831.204
-12.7145095 33.1224297 -4846.60225
-13.0771967 32.7782524 -4862.025
-13.4307501 32.424699 -4877.47225
-13.7749274 32.0620118 -4892.944
-14.1094927 31.6904394 -4908.44025
-14.4342167 31.3102365 -4923.961
-14.7488769 30.9216635 -4939.50625
-15.0532576 30.5249868 -4955.076
-15.3471502 30.1204783 -4970.67025
-15.6303534 29.7084152 -4986.289
-15.9026729 29.2890799 -5001.93225
-16.1639222 28.8627598 -5017.6
-16.4139222 28.4297471 -5033.29225
-16.6525015 27.9903386 -5049.009
-16.8794968 27.5448353 -5064.75025
-17.0947523 27.0935427 -5080.516
-17.2981207 26.63677 -5096.30625
-17.4894624 26.1748302 -5112.121
-17.6686464 25.70804 -5127.96025
-17.8355498 25.2367192 -5143.824
-17.9900583 24.761191 -5159.71225
-18.132066 24.2817811 -5175.625
-18.2614755 23.7988182 -5191.56225
-18.3781982 23.3126332 -5207.524
-18.482154 22.8235594 -5223.51025
-18.5732718 22.331932 -5239.521
-18.651489 21.8380878 -5255.55625
-18.7167521 21.3423654 -5271.616
-18.7690163 20.8451044 -5287.70025
-18.8082459 20.3466458 -5303.809
-18.8344139 19.847331 -5319.94225
-18.8475023 19.3475023 -5336.1
-18.8475023 18.8475023 -5352.28225
-18.8344139 18.3476737 -5368.489
-18.8082459 17.8483589 -5384.72025
-18.7690163 17.3499002 -5400.976
-18.7167521 16.8526393 -5417.25625
-18.651489 16.3569169 -5433.561
-18.5732718 15.8630727 -5449.89025
-18.482154 15.3714452 -5466.244
-18.3781982 14.8823714 -5482.62225
-18.2614755 14.3961865 -5499.025
-18.132066 13.9132236 -5515.45225
-17.9900583 13.4338137 -5531.904
-17.8355498 12.9582854 -5548.38025
-17.6686464 12.4869647 -5564.881
-17.4894624 12.0201745 -5581.40625
-17.2981207 11.5582347 -5597.956
-17.0947523 11.101462 -5614.53025
-16.8794968 10.6501693 -5631.129
-16.6525015 10.2046661 -5647.75225
-16.4139222 9.76525751 -5664.4
-16.1639222 9.33224481 -5681.07225
-15.9026729 8.90592473 -5697.769
-15.6303534 8.48658945 -5714.49025
-15.3471502 8.07452635 -5731.236
-15.0532576 7.67001786 -5748.00625
-14.7488769 7.27334119 -5764.801
-14.4342167 6.8847682 -5781.62025
-14.1094927 6.50456522 -5798.464
-13.7749274 6.13299281 -5815.33225
-13.4307501 5.77030562 -5832.225
-13.0771967 5.41675223 -5849.14225
-12.7145095 5.07257494 -5866.084
-12.3429371 4.73800964 -5883.05025
-11.9627341 4.41328562 -5900.041
-11.5741611 4.09862542 -5917.05625
-11.1774845 3.79424471 -5934.096
-10.772976 3.50035208 -5951.16025
-10.3609129 3.21714896 -5968.249
-9.9415776 2.94482945 -5985.36225
-9.51525751 2.68358016 -6002.5
-9.08224481 2.43358016 -6019.66225
-8.64283626 2.19500078 -6036.849
-8.19733299 1.96800553 -6054.06025
-7.74604035 1.75274998 -6071.296
-7.28926762 1.54938166 -6088.55625
-6.82732786 1.35803995 -6105.841
-6.36053764 1.17885597 -6123.15025
-5.8892169 1.01195254 -6140.484
-5.41368864 0.857444045 -6157.84225
-4.93427877 0.715436373 -6175.225
-4.45131586 0.58602685 -6192.63225
-3.9651309 0.469304169 -6210.064
-3.4760571 0.365348323 -6227.52025
-2.98442965 0.27423056 -6245.001
-2.49058548 0.196013328 -6262.50625
-1.99486304 0.130750232 -6280.036
-1.4976021 0.0784860001 -6297.59025
-0.99914343 0.0392564523 -6315.169
-0.499828662 0.0130884742 -6332.77225
-1.33004718e-13 3.77805426e-14 -6350.4
0.5 3.51767226e-14 -6368.05225
0.999828662 0.0130884742 -6385.729
1.49914343 0.0392564523 -6403.43025
1.9976021 0.0784860001 -6421.156
2.49486304 0.130750232 -6438.90625
2.99058548 0.196013328 -6456.681
3.48442965 0.27423056 -6474.48025
3.9760571 0.365348323 -6492.304
4.4651309 0.469304169 -6510.15225
4.95131586 0.58602685 -6528.025
5.43427877 0.715436373 -6545.92225
5.91368864 0.857444045 -6563.844
6.3892169 1.01195254 -6581.79025
6.86053764 1.17885597 -6599.761
7.32732786 1.35803995 -6617.75625
7.78926762 1.54938166 -6635.776
8.24604035 1.75274998 -6653.82025
8.69733299 1.96800553 -6671.889
9.14283626 2.19500078 -6689.98225
9.58224481 2.43358016 -6708.1
10.0152575 2.68358016 -6726.24225
10.4415776 2.94482945 -6744.409
10.8609129 3.21714896 -6762.60025
11.272976 3.50035208 -6780.816
11.6774845 3.79424471 -6799.05625
12.0741611 4.09862542 -6817.321
12.4627341 4.41328562 -6835.61025
12.8429371 4.73800964 -6853.924
13.2145095 5.07257494 -6872.26225
13.5771967 5.41675223 -6890.625
13.9307501 5.77030562 -6909.01225
14.2749274 6.13299281 -6927.424
14.6094927 6.50456522 -6945.86025
14.9342167 6.8847682 -6964.321
15.2488769 7.27334119 -6982.80625
15.5532576 7.67001786 -7001.316
15.8471502 8.07452635 -7019.85025
16.1303534 8.48658945 -7038.409
16.4026729 8.90592473 -7056.99225
16.6639222 9.33224481 -7075.6
16.9139222 9.76525751 -7094.23225
17.1525015 10.2046661 -7112.889
17.3794968 10.6501693 -7131.57025
17.5947523 11.101462 -7150.276
17.7981207 11.5582347 -7169.00625
17.9894624 12.0201745 -7187.761
18.1686464 12.4869647 -7206.54025
18.3355498 12.9582854 -7225.344
18.4900583 13.4338137 -7244.17225
18.632066 13.9132236 -7263.025
18.7614755 14.3961865 -7281.90225
18.8781982 14.8823714 -7300.804
18.982154 15.3714452 -7319.73025
19.0732718 15.8630727 -7338.681
19.151489 16.3569169 -7357.65625
19.2167521 16.8526393 -7376.656
19.2690163 17.3499002 -7395.68025
19.3082459 17.8483589 -7414.729
19.3344139 18.3476737 -7433.80225
19.3475023 18.8475023 -7452.9
19.3475023 19.3475023 -7472.02225
19.3344139 19.847331 -7491.169
19.3082459 20.3466458 -7510.34025
19.2690163 20.8451044 -7529.536
19.2167521 21.3423654 -7548.75625
19.151489 21.8380878 -7568.001
19.0732718 22.331932 -7587.27025
18.982154 22.8235594 -7606.564
18.8781982 23.3126332 -7625.88225
18.7614755 23.7988182 -7645.225
18.632066 24.2817811 -7664.59225
18.4900583 24.761191 -7683.984
18.3355498 25.2367192 -7703.40025
18.1686464 25.70804 -7722.841
17.9894624 26.1748302 -7742.30625
17.7981207 26.63677 -7761.796
17.5947523 27.0935427 -7781.31025
17.3794968 27.5448353 -7800.849
17.1525015 27.9903386 -7820.41225
16.9139222 28.4297471 -7840
16.6639222 28.8627598 -7859.61225
16.4026729 29.2890799 -7879.249
16.1303534 29.7084152 -7898.91025
15.8471502 30.1204783 -7918.596
15.5532576 30.5249868 -7938.30625
15.2488769 30.9216635 -7958.041
14.9342167 31.3102365 -7977.80025
14.6094927 31.6904394 -7997.584
14.2749274 32.0620118 -8017.39225
13.9307501 32.424699 -8037.225
13.5771967 32.7782524 -8057.08225
13.2145095 33.1224297 -8076.964
12.8429371 33.456995 -8096.87025
12.4627341 33.781719 -8116.801
12.0741611 34.0963792 -8136.75625
11.6774845 34.4007599 -8156.736
11.272976 34.6946526 -8176.74025
10.8609129 34.9778557 -8196.769
10.4415776 35.2501752 -8216.82225
10.0152575 35.5114245 -8236.9
9.58224481 35.7614245 -8257.00225
9.14283626 36.0000039 -8277.129
8.69733299 36.2269991 -8297.28025
8.24604035 36.4422547 -8317.456
7.78926762 36.645623 -8337.65625
7.32732786 36.8369647 -8357.881
6.86053764 37.0161487 -8378.13025
6.3892169 37.1830521 -8398.404
5.91368864 37.3375606 -8418.70225
5.43427877 37.4795683 -8439.025
4.95131586 37.6089778 -8459.37225
4.4651309 37.7257005 -8479.744
3.9760571 37.8296563 -8500.14025
3.48442965 37.9207741 -8520.561
2.99058548 37.9989913 -8541.00625
2.49486304 38.0642544 -8561.476
1.9976021 38.1165187 -8581.97025
1.49914343 38.1557482 -8602.489
0.999828662 38.1819162 -8623.03225
0.5 38.1950047 -8643.6
5.57331958e-14 38.1950047 -8664.19225
-0.499828662 38.1819162 -8684.809
-0.99914343 38.1557482 -8705.45025
-1.4976021 38.1165187 -8726.116
-1.99486304 38.0642544 -8746.80625
-2.49058548 37.9989913 -8767.521
-2.98442965 37.9207741 -8788.26025
-3.4760571 37.8296563 -8809.024
-3.9651309 37.7257005 -8829.81225
-4.45131586 37.6089778 -8850.625
-4.93427877 37.4795683 -8871.46225
-5.41368864 37.3375606 -8892.324
-5.8892169 37.1830521 -8913.21025
-6.36053764 37.0161487 -8934.121
-6.82732786 36.8369647 -8955.05625
-7.28926762 36.645623 -8976.016
-7.74604035 36.4422547 -8997.00025
-8.19733299 36.2269991 -9018.009
-8.64283626 36.0000039 -9039.04225
-9.08224481 35.7614245 -9060.1
-9.51525751 35.5114245 -9081.18225
-9.9415776 35.2501752 -9102.289
-10.3609129 34.9778557 -9123.42025
-10.772976 34.6946526 -9144.576
-11.1774845 34.4007599 -9165.75625
-11.5741611 34.0963792 -9186.961
-11.9627341 33.781719 -9208.19025
-12.3429371 33.456995 -9229.444
-12.7145095 33.1224297 -9250.72225
-13.0771967 32.7782524 -9272.025
-13.4307501 32.424699 -9293.35225
-13.7749274 32.0620118 -9314.704
-14.1094927 31.6904394 -9336.08025
-14.4342167 31.3102365 -9357.481
-14.7488769 30.9216635 -9378.90625
-15.0532576 30.5249868 -9400.356
-15.3471502 30.1204783 -9421.83025
-15.6303534 29.7084152 -9443.329
-15.9026729 29.2890799 -9464.85225
-16.1639222 28.8627598 -9486.4
-16.4139222 28.4297471 -9507.97225
-16.6525015 27.9903386 -9529.569
-16.8794968 27.5448353 -9551.19025
-17.0947523 27.0935427 -9572.836
-17.2981207 26.63677 -9594.50625
-17.4894624 26.1748302 -9616.201
-17.6686464 25.70804 -9637.92025
-17.8355498 25.2367192 -9659.664
-17.9900583 24.761191 -9681.43225
-18.132066 24.2817811 -9703.225
-18.2614755 23.7988182 -9725.04225
-18.3781982 23.3126332 -9746.884
-18.482154 22.8235594 -9768.75025
-18.5732718 22.331932 -9790.641
-18.651489 21.8380878 -9812.55625
-18.7167521 21.3423654 -9834.496
-18.7690163 20.8451044 -9856.46025
-18.8082459 20.3466458 -9878.449
-18.8344139 19.847331 -9900.46225
-18.8475023 19.3475023 -9922.5
-18.8475023 18.8475023 -9944.56225
-18.8344139 18.3476737 -9966.649
-18.8082459 17.8483589 -9988.76025
-18.7690163 17.3499002 -10010.896
-18.7167521 16.8526393 -10033.0563
-18.651489 16.3569169 -10055.241
-18.5732718 15.8630727 -10077.4503
-18.482154 15.3714452 -10099.684
-18.3781982 14.8823714 -10121.9423
-18.2614755 14.3961865 -10144.225
-18.132066 13.9132236 -10166.5323
-17.9900583 13.4338137 -10188.864
-17.8355498 12.9582854 -10211.2203
-17.6686464 12.4869647 -10233.601
-17.4894624 12.0201745 -10256.0063
-17.2981207 11.5582347 -10278.436
-17.0947523 11.101462 -10300.8903
-16.8794968 10.6501693 -10323.369
-16.6525015 10.2046661 -10345.8723
-16.4139222 9.76525751 -10368.4
-16.1639222 9.33224481 -10390.9523
-15.9026729 8.90592473 -10413.529
-15.6303534 8.48658945 -10436.1303
-15.3471502 8.07452635 -10458.756
-15.0532576 7.67001786 -10481.4063
-14.7488769 7.27334119 -10504.081
-14.4342167 6.8847682 -10526.7803
-14.1094927 6.50456522 -10549.504
-13.7749274 6.13299281 -10572.2523
-13.4307501 5.77030562 -10595.025
-13.0771967 5.41675223 -10617.8223
-12.7145095 5.07257494 -10640.644
-12.3429371 4.73800964 -10663.4903
-11.9627341 4.41328562 -10686.361
-11.5741611 4.09862542 -10709.2563
-11.1774845 3.79424471 -10732.176
-10.772976 3.50035208 -10755.1203
-10.3609129 3.21714896 -10778.089
-9.9415776 2.94482945 -10801.0823
-9.51525751 2.68358016 -10824.1
-9.08224481 2.43358016 -10847.1423
-8.64283626 2.19500078 -10870.209
-8.19733299 1.96800553 -10893.3003
-7.74604035 1.75274998 -10916.416
-7.28926762 1.54938166 -10939.5563
-6.82732786 1.35803995 -10962.721
-6.36053764 1.17885597 -10985.9103
-5.8892169 1.01195254 -11009.124
-5.41368864 0.857444045 -11032.3623
-4.93427877 0.715436373 -11055.625
-4.45131586 0.58602685 -11078.9123
-3.9651309 0.469304169 -11102.224
-3.4760571 0.365348323 -11125.5603
-2.98442965 0.27423056 -11148.921
-2.49058548 0.196013328 -11172.3063
-1.99486304 0.130750232 -11195.716
-1.4976021 0.0784860001 -11219.1503
-0.99914343 0.0392564523 -11242.609
-0.499828662 0.0130884742 -11266.0923
-1.4899193e-13 5.70845454e-14 -11289.6
0.5 5.42309253e-14 -11313.1323
0.999828662 0.0130884742 -11336.689
1.49914343 0.0392564523 -11360.2703
1.9976021 0.0784860001 -11383.876
2.49486304 0.130750232 -11407.5063
2.99058548 0.196013328 -11431.161
3.48442965 0.27423056 -11454.8403
3.9760571 0.365348323 -11478.544
4.4651309 0.469304169 -11502.2723
4.95131586 0.58602685 -11526.025
5.43427877 0.715436373 -11549.8023
5.91368864 0.857444045 -11573.604
6.3892169 1.01195254 -11597.4303
6.86053764 1.17885597 -11621.281
7.32732786 1.35803995 -11645.1563
7.78926762 1.54938166 -11669.056
8.24604035 1.75274998 -11692.9803
8.69733299 1.96800553 -11716.929
9.14283626 2.19500078 -11740.9023
9.58224481 2.43358016 -11764.9
10.0152575 2.68358016 -11788.9223
10.4415776 2.94482945 -11812.969
10.8609129 3.21714896 -11837.0403
11.272976 3.50035208 -11861.136
11.6774845 3.79424471 -11885.2563
12.0741611 4.09862542 -11909.401
12.4627341 4.41328562 -11933.5703
12.8429371 4.73800964 -11957.764
13.2145095 5.07257494 -11981.9823
13.5771967 5.41675223 -12006.225
13.9307501 5.77030562 -12030.4923
14.2749274 6.13299281 -12054.784
14.6094927 6.50456522 -12079.1003
14.9342167 6.8847682 -12103.441
15.2488769 7.27334119 -12127.8063
15.5532576 7.67001786 -12152.196
15.8471502 8.07452635 -12176.6103
16.1303534 8.48658945 -12201.049
16.4026729 8.90592473 -12225.5123
16.6639222 9.33224481 -12250
16.9139222 9.76525751 -12274.5123
17.1525015 10.2046661 -12299.049
17.3794968 10.6501693 -12323.6103
17.5947523 11.101462 -12348.196
17.7981207 11.5582347 -12372.8063
17.9894624 12.0201745 -12397.441
18.1686464 12.4869647 -12422.1003
18.3355498 12.9582854 -12446.784
18.4900583 13.4338137 -12471.4923
18.632066 13.9132236 -12496.225
18.7614755 14.3961865 -12520.9823
18.8781982 14.8823714 -12545.764
18.982154 15.3714452 -12570.5703
19.0732718 15.8630727 -12595.401
19.151489 16.3569169 -12620.2563
19.2167521 16.8526393 -12645.136
19.2690163 17.3499002 -12670.0403
19.3082459 17.8483589 -12694.969
19.3344139 18.3476737 -12719.9223
19.3475023 18.8475023 -12744.9
19.3475023 19.3475023 -12769.9023
19.3344139 19.847331 -12794.929
19.3082459 20.3466458 -12819.9803
19.2690163 20.8451044 -12845.056
19.2167521 21.3423654 -12870.1563
19.151489 21.8380878 -12895.281
19.0732718 22.331932 -12920.4303
18.982154 22.8235594 -12945.604
18.8781982 23.3126332 -12970.8023
18.7614755 23.7988182 -12996.025
18.632066 24.2817811 -13021.2723
18.4900583 24.761191 -13046.544
18.3355498 25.2367192 -13071.8403
18.1686464 25.70804 -13097.161
17.9894624 26.1748302 -13122.5063
17.7981207 26.63677 -13147.876
17.5947523 27.0935427 -13173.2703
17.3794968 27.5448353 -13198.689
17.1525015 27.9903386 -13224.1323
16.9139222 28.4297471 -13249.6
16.6639222 28.8627598 -13275.0923
16.4026729 29.2890799 -13300.609
16.1303534 29.7084152 -13326.1503
15.8471502 30.1204783 -13351.716
15.5532576 30.5249868 -13377.3063
15.2488769 30.9216635 -13402.921
14.9342167 31.3102365 -13428.5603
14.6094927 31.6904394 -13454.224
14.2749274 32.0620118 -13479.9123
13.9307501 32.424699 -13505.625
13.5771967 32.7782524 -13531.3623
13.2145095 33.1224297 -13557.124
12.8429371 33.456995 -13582.9103
12.4627341 33.781719 -13608.721
12.0741611 34.0963792 -13634.5563
11.6774845 34.4007599 -13660.416
11.272976 34.6946526 -13686.3003
10.8609129 34.9778557 -13712.209
10.4415776 35.2501752 -13738.1423
10.0152575 35.5114245 -13764.1
9.58224481 35.7614245 -13790.0823
9.14283626 36.0000039 -13816.089
8.69733299 36.2269991 -13842.1203
8.24604035 36.4422547 -13868.176
7.78926762 36.645623 -13894.2563
7.32732786 36.8369647 -13920.361
6.86053764 37.0161487 -13946.4903
6.3892169 37.1830521 -13972.644
5.91368864 37.3375606 -13998.8223
5.43427877 37.4795683 -14025.025
4.95131586 37.6089778 -14051.2523
4.4651309 37.7257005 -14077.504
3.9760571 37.8296563 -14103.7803
3.48442965 37.9207741 -14130.081
2.99058548 37.9989913 -14156.4063
2.49486304 38.0642544 -14182.756
1.9976021 38.1165187 -14209.1303
1.49914343 38.1557482 -14235.529
0.999828662 38.1819162 -14261.9523
0.5 38.1950047 -14288.4
6.86117829e-14 38.1950047 -14314.8723
-0.499828662 38.1819162 -14341.369
-0.99914343 38.1557482 -14367.8903
-1.4976021 38.1165187 -14394.436
-1.99486304 38.0642544 -14421.0063
-2.49058548 37.9989913 -14447.601
-2.98442965 37.9207741 -14474.2203
-3.4760571 37.8296563 -14500.864
-3.9651309 37.7257005 -14527.5323
-4.45131586 37.6089778 -14554.225
-4.93427877 37.4795683 -14580.9423
-5.41368864 37.3375606 -14607.684
-5.8892169 37.1830521 -14634.4503
-6.36053764 37.0161487 -14661.241
-6.82732786 36.8369647 -14688.0563
-7.28926762 36.645623 -14714.896
-7.74604035 36.4422547 -14741.7603
-8.19733299 36.2269991 -14768.649
-8.64283626 36.0000039 -14795.5623
-9.08224481 35.7614245 -14822.5
-9.51525751 35.5114245 -14849.4623
-9.9415776 35.2501752 -14876.449
-10.3609129 34.9778557 -14903.4603
-10.772976 34.6946526 -14930.496
-11.1774845 34.4007599 -14957.5563
-11.5741611 34.0963792 -14984.641
-11.9627341 33.781719 -15011.7503
-12.3429371 33.456995 -15038.884
-12.7145095 33.1224297 -15066.0423
-13.0771967 32.7782524 -15093.225
-13.4307501 32.424699 -15120.4323
-13.7749274 32.0620118 -15147.664
-14.1094927 31.6904394 -15174.9203
-14.4342167 31.3102365 -15202.201
-14.7488769 30.9216635 -15229.5063
-15.0532576 30.5249868 -15256.836
-15.3471502 30.1204783 -15284.1903
-15.6303534 29.7084152 -15311.569
-15.9026729 29.2890799 -15338.9723
-16.1639222 28.8627598 -15366.4
-16.4139222 28.4297471 -15393.8523
-16.6525015 27.9903386 -15421.329
-16.8794968 27.5448353 -15448.8303
-17.0947523 27.0935427 -15476.356
-17.2981207 26.63677 -15503.9063
-17.4894624 26.1748302 -15531.481
-17.6686464 25.70804 -15559.0803
-17.8355498 25.2367192 -15586.704
-17.9900583 24.761191 -15614.3523
-18.132066 24.2817811 -15642.025
-18.2614755 23.7988182 -15669.7223
-18.3781982 23.3126332 -15697.444
-18.482154 22.8235594 -15725.1903
-18.5732718 22.331932 -15752.961
-18.651489 21.8380878 -15780.7563
-18.7167521 21.3423654 -15808.576
-18.7690163 20.8451044 -15836.4203
-18.8082459 20.3466458 -15864.289
-18.8344139 19.847331 -15892.1823
-18.8475023 19.3475023 -15920.1
-18.8475023 18.8475023 -15948.0423
-18.8344139 18.3476737 -15976.009
-18.8082459 17.8483589 -16004.0003
-18.7690163 17.3499002 -16032.016
-18.7167521 16.8526393 -16060.0563
-18.651489 16.3569169 -16088.121
-18.5732718 15.8630727 -16116.2103
-18.482154 15.3714452 -16144.324
-18.3781982 14.8823714 -16172.4623
-18.2614755 14.3961865 -16200.625
-18.132066 13.9132236 -16228.8123
-17.9900583 13.4338137 -16257.024
-17.8355498 12.9582854 -16285.2603
-17.6686464 12.4869647 -16313.521
-17.4894624 12.0201745 -16341.8063
-17.2981207 11.5582347 -16370.116
-17.0947523 11.101462 -16398.4503
-16.8794968 10.6501693 -16426.809
-16.6525015 10.2046661 -16455.1923
-16.4139222 9.76525751 -16483.6
-16.1639222 9.33224481 -16512.0323
-15.9026729 8.90592473 -16540.489
-15.6303534 8.48658945 -16568.9703
-15.3471502 8.07452635 -16597.476
-15.0532576 7.67001786 -16626.0063
-14.7488769 7.27334119 -16654.561
-14.4342167 6.8847682 -16683.1403
-14.1094927 6.50456522 -16711.744
-13.7749274 6.13299281 -16740.3723
-13.4307501 5.77030562 -16769.025
-13.0771967 5.41675223 -16797.7023
-12.7145095 5.07257494 -16826.404
-12.3429371 4.73800964 -16855.1303
-11.9627341 4.41328562 -16883.881
-11.5741611 4.09862542 -16912.6563
-11.1774845 3.79424471 -16941.456
-10.772976 3.50035208 -16970.2803
-10.3609129 3.21714896 -16999.129
-9.9415776 2.94482945 -17028.0023
-9.51525751 2.68358016 -17056.9
-9.08224481 2.43358016 -17085.8223
-8.64283626 2.19500078 -17114.769
-8.19733299 1.96800553 -17143.7403
-7.74604035 1.75274998 -17172.736
-7.28926762 1.54938166 -17201.7563
-6.82732786 1.35803995 -17230.801
-6.36053764 1.17885597 -17259.8703
-5.8892169 1.01195254 -17288.964
-5.41368864 0.857444045 -17318.0823
-4.93427877 0.715436373 -17347.225
-4.45131586 0.58602685 -17376.3923
-3.9651309 0.469304169 -17405.584
-3.4760571 0.365348323 -17434.8003
-2.98442965 0.27423056 -17464.041
-2.49058548 0.196013328 -17493.3063
-1.99486304 0.130750232 -17522.596
-1.4976021 0.0784860001 -17551.9103
-0.99914343 0.0392564523 -17581.249
-0.499828662 0.0130884742 -17610.6123
-1.75859327e-13 7.88501209e-14 -17640
0.5 7.57258839e-14 -17669.4123
0.999828662 0.0130884742 -17698.849
1.49914343 0.0392564523 -17728.3103
1.9976021 0.0784860001 -17757.796
2.49486304 0.130750232 -17787.3063
2.99058548 0.196013328 -17816.841
3.48442965 0.27423056 -17846.4003
3.9760571 0.365348323 -17875.984
4.4651309 0.469304169 -17905.5923
4.95131586 0.58602685 -17935.225
5.43427877 0.715436373 -17964.8823
5.91368864 0.857444045 -17994.564
6.3892169 1.01195254 -18024.2703
6.86053764 1.17885597 -18054.001
7.32732786 1.35803995 -18083.7563
7.78926762 1.54938166 -18113.536
8.24604035 1.75274998 -18143.3403
8.69733299 1.96800553 -18173.169
9.14283626 2.19500078 -18203.0223
9.58224481 2.43358016 -18232.9
10.0152575 2.68358016 -18262.8023
10.4415776 2.94482945 -18292.729
10.8609129 3.21714896 -18322.6803
11.272976 3.50035208 -18352.656
11.6774845 3.79424471 -18382.6563
12.0741611 4.09862542 -18412.681
12.4627341 4.41328562 -18442.7303
12.8429371 4.73800964 -18472.804
13.2145095 5.07257494 -18502.9023
13.5771967 5.41675223 -18533.025
13.9307501 5.77030562 -18563.1723
14.2749274 6.13299281 -18593.344
14.6094927 6.50456522 -18623.5403
14.9342167 6.8847682 -18653.761
15.2488769 7.27334119 -18684.0063
15.5532576 7.67001786 -18714.276
15.8471502 8.07452635 -18744.5703
16.1303534 8.48658945 -18774.889
16.4026729 8.90592473 -18805.2323
16.6639222 9.33224481 -18835.6
16.9139222 9.76525751 -18865.9923
17.1525015 10.2046661 -18896.409
17.3794968 10.6501693 -18926.8503
17.5947523 11.101462 -18957.316
17.7981207 11.5582347 -18987.8063
17.9894624 12.0201745 -19018.321
18.1686464 12.4869647 -19048.8603
18.3355498 12.9582854 -19079.424
18.4900583 13.4338137 -19110.0123
18.632066 13.9132236 -19140.625
18.7614755 14.3961865 -19171.2623
18.8781982 14.8823714 -19201.924
18.982154 15.3714452 -19232.6103
19.0732718 15.8630727 -19263.321
19.151489 16.3569169 -19294.0563
19.2167521 16.8526393 -19324.816
19.2690163 17.3499002 -19355.6003
19.3082459 17.8483589 -19386.409
19.3344139 18.3476737 -19417.2423
19.3475023 18.8475023 -19448.1
19.3475023 19.3475023 -19478.9823
19.3344139 19.847331 -19509.889
19.3082459 20.3466458 -19540.8203
19.2690163 20.8451044 -19571.776
19.2167521 21.3423654 -19602.7563
19.151489 21.8380878 -19633.761
19.0732718 22.331932 -19664.7903
18.982154 22.8235594 -19695.844
18.8781982 23.3126332 -19726.9223
18.7614755 23.7988182 -19758.025
18.632066 24.2817811 -19789.1523
18.4900583 24.761191 -19820.304
18.3355498 25.2367192 -19851.4803
18.1686464 25.70804 -19882.681
17.9894624 26.1748302 -19913.9063
17.7981207 26.63677 -19945.156
17.5947523 27.0935427 -19976.4303
17.3794968 27.5448353 -20007.729
17.1525015 27.9903386 -20039.0523
16.9139222 28.4297471 -20070.4
16.6639222 28.8627598 -20101.7723
16.4026729 29.2890799 -20133.169
16.1303534 29.7084152 -20164.5903
15.8471502 30.1204783 -20196.036
15.5532576 30.5249868 -20227.5063
15.2488769 30.9216635 -20259.001
14.9342167 31.3102365 -20290.5203
14.6094927 31.6904394 -20322.064
14.2749274 32.0620118 -20353.6323
13.9307501 32.424699 -20385.225
13.5771967 32.7782524 -20416.8423
13.2145095 33.1224297 -20448.484
12.8429371 33.456995 -20480.1503
12.4627341 33.781719 -20511.841
12.0741611 34.0963792 -20543.5563
11.6774845 34.4007599 -20575.296
11.272976 34.6946526 -20607.0603
10.8609129 34.9778557 -20638.849
10.4415776 35.2501752 -20670.6623
10.0152575 35.5114245 -20702.5
9.58224481 35.7614245 -20734.3623
9.14283626 36.0000039 -20766.249
8.69733299 36.2269991 -20798.1603
8.24604035 36.4422547 -20830.096
7.78926762 36.645623 -20862.0563
7.32732786 36.8369647 -20894.041
6.86053764 37.0161487 -20926.0503
6.3892169 37.1830521 -20958.084
5.91368864 37.3375606 -20990.1423
5.43427877 37.4795683 -21022.225
4.95131586 37.6089778 -21054.3323
4.4651309 37.7257005 -21086.464
3.9760571 37.8296563 -21118.6203
3.48442965 37.9207741 -21150.801
2.99058548 37.9989913 -21183.0063
2.49486304 38.0642544 -21215.236
1.9976021 38.1165187 -21247.4903
1.49914343 38.1557482 -21279.769
0.999828662 38.1819162 -21312.0723
0.5 38.1950047 -21344.4
6.50590692e-14 38.1950047 -21376.7523
-0.499828662 38.1819162 -21409.129
-0.99914343 38.1557482 -21441.5303
-1.4976021 38.1165187 -21473.956
-1.99486304 38.0642544 -21506.4063
-2.49058548 37.9989913 -21538.881
-2.98442965 37.9207741 -21571.3803
-3.4760571 37.8296563 -21603.904
-3.9651309 37.7257005 -21636.4523
-4.45131586 37.6089778 -21669.025
-4.93427877 37.4795683 -21701.6223
-5.41368864 37.3375606 -21734.244
-5.8892169 37.1830521 -21766.8903
-6.36053764 37.0161487 -21799.561
-6.82732786 36.8369647 -21832.2563
-7.28926762 36.645623 -21864.976
-7.74604035 36.4422547 -21897.7203
-8.19733299 36.2269991 -21930.489
-8.64283626 36.0000039 -21963.2823
-9.08224481 35.7614245 -21996.1
-9.51525751 35.5114245 -22028.9423
-9.9415776 35.2501752 -22061.809
-10.3609129 34.9778557 -22094.7003
-10.772976 34.6946526 -22127.616
-11.1774845 34.4007599 -22160.5563
-11.5741611 34.0963792 -22193.521
-11.9627341 33.781719 -22226.5103
-12.3429371 33.456995 -22259.524
-12.7145095 33.1224297 -22292.5623
-13.0771967 32.7782524 -22325.625
-13.4307501 32.424699 -22358.7123
-13.7749274 32.0620118 -22391.824
-14.1094927 31.6904394 -22424.9603
-14.4342167 31.3102365 -22458.121
-14.7488769 30.9216635 -22491.3063
-15.0532576 30.5249868 -22524.516
-15.3471502 30.1204783 -22557.7503
-15.6303534 29.7084152 -22591.009
-15.9026729 29.2890799 -22624.2923
-16.1639222 28.8627598 -22657.6
-16.4139222 28.4297471 -22690.9323
-16.6525015 27.9903386 -22724.289
-16.8794968 27.5448353 -22757.6703
-17.0947523 27.0935427 -22791.076
-17.2981207 26.63677 -22824.5063
-17.4894624 26.1748302 -22857.961
-17.6686464 25.70804 -22891.4403
-17.8355498 25.2367192 -22924.944
-17.9900583 24.761191 -22958.4723
-18.132066 24.2817811 -22992.025
-18.2614755 23.7988182 -23025.6023
-18.3781982 23.3126332 -23059.204
-18.482154 22.8235594 -23092.8303
-18.5732718 22.331932 -23126.481
-18.651489 21.8380878 -23160.1563
-18.7167521 21.3423654 -23193.856
-18.7690163 20.8451044 -23227.5803
-18.8082459 20.3466458 -23261.329
-18.8344139 19.847331 -23295.1023
-18.8475023 19.3475023 -23328.9
-18.8475023 18.8475023 -23362.7223
-18.8344139 18.3476737 -23396.569
-18.8082459 17.8483589 -23430.4403
-18.7690163 17.3499002 -23464.336
-18.7167521 16.8526393 -23498.2563
-18.651489 16.3569169 -23532.201
-18.5732718 15.8630727 -23566.1703
-18.482154 15.3714452 -23600.164
-18.3781982 14.8823714 -23634.1823
-18.2614755 14.3961865 -23668.225
-18.132066 13.9132236 -23702.2923
-17.9900583 13.4338137 -23736.384
-17.8355498 12.9582854 -23770.5003
-17.6686464 12.4869647 -23804.641
-17.4894624 12.0201745 -23838.8063
-17.2981207 11.5582347 -23872.996
-17.0947523 11.101462 -23907.2103
-16.8794968 10.6501693 -23941.449
-16.6525015 10.2046661 -23975.7123
-16.4139222 9.76525751 -24010
-16.1639222 9.33224481 -24044.3123
-15.9026729 8.90592473 -24078.649
-15.6303534 8.48658945 -24113.0103
-15.3471502 8.07452635 -24147.396
-15.0532576 7.67001786 -24181.8063
-14.7488769 7.27334119 -24216.241
-14.4342167 6.8847682 -24250.7003
-14.1094927 6.50456522 -24285.184
-13.7749274 6.13299281 -24319.6923
-13.4307501 5.77030562 -24354.225
-13.0771967 5.41675223 -24388.7823
-12.7145095 5.07257494 -24423.364
-12.3429371 4.73800964 -24457.9703
-11.9627341 4.41328562 -24492.601
-11.5741611 4.09862542 -24527.2563
-11.1774845 3.79424471 -24561.936
-10.772976 3.50035208 -24596.6403
-10.3609129 3.21714896 -24631.369
-9.9415776 2.94482945 -24666.1223
-9.51525751 2.68358016 -24700.9
-9.08224481 2.43358016 -24735.7023
-8.64283626 2.19500078 -24770.529
-8.19733299 1.96800553 -24805.3803
-7.74604035 1.75274998 -24840.256
-7.28926762 1.54938166 -24875.1563
-6.82732786 1.35803995 -24910.081
-6.36053764 1.17885597 -24945.0303
-5.8892169 1.01195254 -24980.004
-5.41368864 0.857444045 -25015.0023
-4.93427877 0.715436373 -25050.025
-4.45131586 0.58602685 -25085.0723
-3.9651309 0.469304169 -25120.144
-3.4760571 0.365348323 -25155.2403
-2.98442965 0.27423056 -25190.361
-2.49058548 0.196013328 -25225.5063
-1.99486304 0.130750232 -25260.676
-1.4976021 0.0784860001 -25295.8703
-0.99914343 0.0392564523 -25331.089
-0.499828662 0.0130884742 -25366.3323
-1.79412041e-13 9.30609756e-14 -25401.6
0.5 8.99367386e-14 -25436.8923
0.999828662 0.0130884742 -25472.209
1.49914343 0.0392564523 -25507.5503
1.9976021 0.0784860001 -25542.916
2.49486304 0.130750232 -25578.3063
2.99058548 0.196013328 -25613.721
3.48442965 0.27423056 -25649.1603
3.9760571 0.365348323 -25684.624
4.4651309 0.469304169 -25720.1123
4.95131586 0.58602685 -25755.625
5.43427877 0.715436373 -25791.1623
5.91368864 0.857444045 -25826.724
6.3892169 1.01195254 -25862.3103
6.86053764 1.17885597 -25897.921
7.32732786 1.35803995 -25933.5563
7.78926762 1.54938166 -25969.216
8.24604035 1.75274998 -26004.9003
8.69733299 1.96800553 -26040.609
9.14283626 2.19500078 -26076.3423
9.58224481 2.43358016 -26112.1
10.0152575 2.68358016 -26147.8823
10.4415776 2.94482945 -26183.689
10.8609129 3.21714896 -26219.5203
11.272976 3.50035208 -26255.376
11.6774845 3.79424471 -26291.2563
12.0741611 4.09862542 -26327.161
12.4627341 4.41328562 -26363.0903
12.8429371 4.73800964 -26399.044
13.2145095 5.07257494 -26435.0223
13.5771967 5.41675223 -26471.025
13.9307501 5.77030562 -26507.0523
14.2749274 6.13299281 -26543.104
14.6094927 6.50456522 -26579.1803
14.9342167 6.8847682 -26615.281
15.2488769 7.27334119 -26651.4063
15.5532576 7.67001786 -26687.556
15.8471502 8.07452635 -26723.7303
16.1303534 8.48658945 -26759.929
16.4026729 8.90592473 -26796.1523
16.6639222 9.33224481 -26832.4
16.9139222 9.76525751 -26868.6723
17.1525015 10.2046661 -26904.969
17.3794968 10.6501693 -26941.2903
17.5947523 11.101462 -26977.636
17.7981207 11.5582347 -27014.0063
17.9894624 12.0201745 -27050.401
18.1686464 12.4869647 -27086.8203
18.3355498 12.9582854 -27123.264
18.4900583 13.4338137 -27159.7323
18.632066 13.9132236 -27196.225
18.7614755 14.3961865 -27232.7423
18.8781982 14.8823714 -27269.284
18.982154 15.3714452 -27305.8503
19.0732718 15.8630727 -27342.441
19.151489 16.3569169 -27379.0563
19.2167521 16.8526393 -27415.696
19.2690163 17.3499002 -27452.3603
19.3082459 17.8483589 -27489.049
19.3344139 18.3476737 -27525.7623
19.3475023 18.8475023 -27562.5
19.3475023 19.3475023 -27599.2623
19.3344139 19.847331 -27636.049
19.3082459 20.3466458 -27672.8603
19.2690163 20.8451044 -27709.696
19.2167521 21.3423654 -27746.5563
19.151489 21.8380878 -27783.441
19.0732718 22.331932 -27820.3503
18.982154 22.8235594 -27857.284
18.8781982 23.3126332 -27894.2423
18.7614755 23.7988182 -27931.225
18.632066 24.2817811 -27968.2323
18.4900583 24.761191 -28005.264
18.3355498 25.2367192 -28042.3203
18.1686464 25.70804 -28079.401
17.9894624 26.1748302 -28116.5063
17.7981207 26.63677 -28153.636
17.5947523 27.0935427 -28190.7903
